42.33484898852707 1.5914074920416474 0
40.32527891842973 1.1521437897863023 1
131.1888898941105 1.3102357287284585 1
63.206769414326004 1.8929361313311173 0
124.92132286709634 1.000305953100253 1
68.17590766356942 1.7125731739330128 0
95.30438781117883 1.5123635976870553 1
44.394383664629764 1.9383075668734264 0
45.42599337476352 1.861386867803331 0
139.92933085582922 1.1169328791193964 1
137.2792201330253 1.5383473618818322 1
48.61643051745327 1.7528359780261293 0
184.68504500648652 1.0600324077397778 1
45.61382151328202 1.865751186146245 0
74.51869745882993 2.1769661585151323 0
105.94838891204142 1.061576840989928 1
137.74916984606506 1.6059840466762494 1
126.08892121460998 2.1500427285178016 1
75.28963721688237 1.808729082773896 0
81.35686229886952 2.1098087515672033 0
185.55996404191728 1.695831071582771 1
156.17122950161843 1.542932994724516 1
93.79179963480146 2.0742814524841733 0
40.902322983133885 1.870424574585833 0
58.71284339083893 1.5721521074814517 0
53.2415621586339 1.8451278633388144 0
88.61904090487174 1.5183642244998357 1
146.7962480593177 1.398576468276386 1
97.8636213745849 1.7720420755595327 1
155.69808937245332 2.0494557240825007 1
105.64637429360504 2.1314137730765355 0
84.00420362302732 1.1646509522504958 1
164.64195029834457 1.4617722884610806 1
68.12353123711553 1.7206787110486381 0
81.38918599275019 1.8671023215942926 0
152.7932853430159 2.06226058076863 1
59.60692710674165 1.6660562157310055 0
42.16287954737177 1.962331636422458 0
59.93883068707083 1.9998685689497417 0
89.87427492585863 2.042139681412676 0
140.77046496662302 1.8273434784068483 1
70.71476906987652 2.1373793154910983 0
110.98863281066019 1.6056991845555508 1
109.05283784613528 1.162214747541439 1
55.291133591268604 1.1312387285265832 1
90.41792145527039 2.1532776196906998 0
132.30180357039876 1.6856223470137581 1
69.51862926826486 1.01771827343415 1
67.04505032322872 1.9431765499617044 0
80.496188994811 2.120505448009749 0
